1008
1270
1709
1710
1715
1720
1721
1725
1727
1728
1730
1732
1733
1734
1737
1739
1740
1743
1744
1745
1748
1749
1750
1754
1755
1756
1757
1758
1759
1760
1763
1765
1766
1767
1768
1774
1775
1778
1779
1781
1783
1784
1785
1786
1788
1789
1790
1793
1795
1796
1797
1798
1799
1807
1811
1812
1814
1816
1817
1818
1820
1822
1824
1825
1826
1827
1828
1830
1831
1833
1835
1836
1837
1840
1841
1843
1845
1847
1848
1849
1851
1853
1854
1855
1856
1861
1862
1863
1864
1865
1866
1867
1869
1870
1871
1873
1874
1875
1876
1879
1883
1889
1892
1893
1895
1897
1898
1899
1900
1902
1906
1908
1909
1910
1911
1912
1914
1915
1917
1918
1922
1923
1924
1925
1928
1929
1930
1931
1933
1934
1938
1939
1941
1943
1944
1945
1946
1947
1948
1949
1950
1951
1952
1953
1954
1959
1960
1961
1963
1964
1965
1967
1968
1970
1971
1972
1973
1974
1976
1977
1978
1979
1980
1981
1982
1983
1984
1985
1986
1987
1988
1989
1990
1991
1992
1993
1994
1996
1997
1999
2001
2002
2004
2005
2006
2007
2008
2009
2012
2013
2015
2016
2021
2023
2026
2027
2028
2029
2031
2033
2034
2035
2036
2037
2038
2040
2042
2043
2044
2045
2049
2051
2052
2054
2056
2057
2058
2061
2062
2063
2064
2066
2067
2068
2069
2071
2072
2073
2074
2075
2076
2077
2079
2080
2084
2087
2088
2089
2090
2091
2092
2093
2094
2095
2096
2097
2098
2100
2101
2102
2103
2106
2107
2110
2113
2119
2122
2123
2124
2125
2126
2127
2128
2130
2131
2136
2140
2141
2142
2143
2144
2145
2146
2148
2149
2150
2152
2155
2157
2159
2160
2164
2165
2167
2168
2172
2173
2175
2177
2178
2179
2180
2181
2182
2184
2185
2187
2188
2189
2190
2191
2192
2195
2199
2200
2201
2203
2204
2205
2206
2208
2209
2211
2212
2213
2214
2216
2217
2219
2223
2224
2226
2230
2233
2234
2235
2237
2238
2243
2244
2247
2250
2251
2253
2254
2257
2259
2260
2261
2262
2265
2270
2271
2272
2273
2277
2278
2281
2282
2283
2284
2285
2287
2290
2291
2295
2296
2297
2298
2299
2300
2301
2302
2304
2306
2308
2309
2313
2315
2316
2317
2319
2320
2321
2322
2323
2327
2328
2330
2331
2333
2334
2771
2817
4229
4233
4234
4238
